1.1743119266055047
1.1130434782608696
1.2075471698113207
1.3333333333333333
1.2190476190476192
1.2610837438423645
1.158371040723982
1.2248803827751196
1.2132701421800949
1.3061224489795917
1.0364372469635628
1.28
1.4382022471910112
1.0893617021276596
1.147982062780269
1.248780487804878
1.3544973544973544
1.1327433628318584
1.3473684210526315
1.2248803827751196
1.1531531531531531
1.1082251082251082
1.1082251082251082
1.2367149758454106
1.103448275862069
1.3544973544973544
1.2367149758454106
1.1228070175438596
1.3837837837837839
1.1377777777777778
1.3264248704663213
1.299492385786802
1.147982062780269
1.1636363636363636
1.2307692307692308
1.0893617021276596
1.1082251082251082
1.1851851851851851
1.062240663900415
1.1962616822429906
1.1851851851851851
1.1531531531531531
1.2367149758454106
1.1327433628318584
1.1962616822429906
1.1130434782608696
1.062240663900415
1.1179039301310043
1.2427184466019416
1.1636363636363636
1.0711297071129706
1.2307692307692308
1.2307692307692308
1.1531531531531531
1.1962616822429906
1.2736318407960199
1.2075471698113207
1.103448275862069
1.1851851851851851
1.3195876288659794
1.2132701421800949
1.2075471698113207
1.2549019607843137
1.0711297071129706
1.158371040723982
1.292929292929293
1.3333333333333333
1.0847457627118644
1.299492385786802
1.1377777777777778
1.1636363636363636
1.1277533039647578
1.2367149758454106
1.3333333333333333
1.2307692307692308
1.0078740157480315
1.292929292929293
1.248780487804878
1.3061224489795917
1.1906976744186046
1.1797235023041475
1.248780487804878
1.1179039301310043
1.1428571428571428
1.2367149758454106
1.2367149758454106
1.1531531531531531
1.1689497716894977
1.1179039301310043
1.2736318407960199
1.2248803827751196
